-8.80678  -97.0543  -7.41306
-28.8559  -84.4423  -1.70123
-8.6899  -76.6136  6.37768
-13.9776  -57.9177  -4.49157
-8.83961  -81.1667  27.0491
-22.6467  -26.5184  63.148
-52.3462  -9.33736  34.2875
-50.6742  -16.2643  16.0137
-33.1125  -22.4583  8.8625
-51.3287  -20.0241  6.41525
-44.5416  -58.2101  -9.51001
-41.3048  -77.5018  21.4443
-21.51  -68.2205  51.8607
-54.5181  -63.0812  7.51814
-35.4414  -40.8528  53.6158
-26.7806  -5.81747  55.3495
-53.5556  4.72974  37.4324
-58.7922  -30.7741  25.7441
-51.2631  4.81551  6.64574
-38.5675  -3.07347  -2.84855
-12.2404  -33.0429  44.0403
-6.41601  3.31346  48.8674
-61.9893  -42.2144  35.3813
-15.3165  7.24684  66.6139
-31.631  43.9337  27.5518
-33.9116  20.5791  -0.583855
-28.2438  39.6375  -11.575
-5.54498  23.1896  32.9631
-35.4329  -4.23547  -34.5194
-11.7291  38.4159  -18.9993
-56.1574  -56.4575  -13.3697
-38.2781  -50.7558  44.3898
-22.8175  7.54254  54.5623
-42.6817  13.1088  27.8596
-43.4949  37.6066  12.3481
-4.58128  3.42365  28.4975
-59.8455  -39.2786  -14.2909
-47.7265  -54.0474  50.213
-27.5868  14.8084  60.1108
-42.8528  23.2293  40.0103
-34.1153  55.7407  -2.09756
-3.47826  28.5908  46.1176
-6.24525  -66.6483  44.5166
-5.68925  -25.3657  27.5882
-44.8677  -68.3137  37.5402
-22.2184  27.858  45.7494
-5.82073  -51.0903  31.0246
-8.26011  51.0832  4.54188
-56.9239  -12.4783  -18.3182
-52.1173  -55.5883  28.1748
-9.02098  44.6709  42.1467
-40.6886  13.0821  50.5744
-47.2999  26.6785  -2.2851
-42.3955  -77.8607  29.9137
-11.7881  -55.9575  13.1373
-26.216  -31.5923  -18.3769
-57.3841  -36.6738  6.66879
11.3345  -96.5523  -2.06888
31.0388  -80.8561  -2.61687
11.6087  -72.4122  7.49656
15.0264  -56.275  -4.60214
11.5435  -77.8062  28.267
22.9161  -24.139  62.9886
54.9495  -6.65413  33.1335
49.7549  -11.889  15.0758
35.2781  -19.4371  6.69205
54.1515  -13.9152  5.18977
48.2615  -51.7136  -12.4581
45.5094  -70.8277  17.5255
24.0826  -64.4633  53.1643
58.6511  -58.5536  3.75049
33.376  -38.3067  54.5925
27.4881  -4.63653  56.8785
55.2116  9.52144  30.8465
60.505  -27.2469  26.5277
51.1351  -0.507622  49.22
51.9015  6.86565  5.90075
39.3842  -0.591942  -3.97729
13.2435  -32.6713  45.3164
7.58514  5.25957  49.9278
61.6645  -38.4095  34.8027
13.9121  11.0071  67.0482
32.4214  46.0773  27.935
47.321  43.545  1.49192
39.0374  23.0287  0.619225
7.43318  25.6971  33.4501
5.13812  16.6188  23.1105
36.389  -2.60986  -35.5818
12.4074  37.979  -19.8223
60.9648  -47.9286  -10.4443
40.9907  -50.1499  45.5487
25.0409  9.10506  52.8872
44.9669  21.3638  22.5406
6.17178  3.03067  29.5215
62.5212  -29.4508  -16.7645
52.6001  -51.4673  47.0555
40.5959  19.5364  47.0475
32.8313  54.8521  -2.71037
5.07057  34.7815  43.6847
7.86002  -63.0872  43.5765
6.6776  -24.4334  28.0434
62.1889  -6.06735  -17.5271
51.6742  -56.8809  29.0094
23.7829  35.6741  43.5624
7.02759  -51.3546  30.3232
7.89248  49.6768  5.21607
62.2049  -26.0143  -5.50816
51.6093  4.92319  -30.7614
10.1518  48.4832  41.8609
46.7597  28.364  -8.84646
47.8745  -70.3312  27.1093
13.4119  -53.1373  13.9959
26.7801  -27.5732  -20.173
55.3402  -29.5341  3.14005